  10 atoms,Iteration (fs) =    0.1000000000E+01, Etot,Ep,Ek (eV) =   -0.1830570771E+04  -0.1831225951E+04   0.6551800974E+00, SCF =    20
P_sph(bar),Rcut_MD_sp(A)  0.000000E+00  0.000000E+00
     MD_INFO: METHOD(1-VV,2-NH,3-LV,4-LVPR,5-NHRP) TIME(fs) TEMP(K) DESIRED_TEMP(K) AVE_TEMP(K) TIME_INTERVAL(fs) TOT_TEMP(K)
              2    0.1000000000E+01   0.50687E+03   0.30000E+03   0.50687E+03   0.10000E+03   0.50687E+03    
     TOTAL MOMENTUM
              -0.59865E+00  -0.26950E+00  -0.17225E+00 
     MD_NH_INFO: Nose-Hoover Dynamics (NVT), IONS' THERMOSTAT VELOCITY(1/fs)
              0.8507192753E-02   
 Lattice vector (Angstrom)
   0.1500000000E+02    0.0000000000E+00    0.0000000000E+00     stress (eV):  0.725999E+01 -0.287283E+00 -0.753026E+00
   0.0000000000E+00    0.1500000000E+02    0.0000000000E+00     stress (eV): -0.287282E+00  0.368473E+01  0.130224E+01
   0.0000000000E+00    0.0000000000E+00    0.1500000000E+02     stress (eV): -0.753027E+00  0.130224E+01  0.641030E+01
 Pressure Internal(Hartree/bohr^3)
  -0.1171426412E-04    0.4635410800E-06    0.1215036573E-05
   0.4635410800E-06   -0.5945443476E-05   -0.2101219402E-05
   0.1215036573E-05   -0.2101219402E-05   -0.1034325558E-04
 Position (normalized), move_x, move_y, move_z
   8         0.482715384415392         0.420706130566262         0.532298216874477     1  1  1
   8         0.500987278871275         0.563729998715993         0.566136287226492     1  1  1
   8         0.429800453875053         0.462898016179617         0.662041508918255     1  1  1
   6         0.510533522757443         0.457806141621859         0.447756848460361     1  1  1
   6         0.518133698175886         0.557334250589894         0.471079040263217     1  1  1
   6         0.463328407595192         0.486740014889853         0.592599715569706     1  1  1
   1         0.580747641737632         0.434650776955525         0.424656162083735     1  1  1
   1         0.464708052751359         0.441222022047126         0.389884785457209     1  1  1
   1         0.461987133489071         0.593617085965523         0.444235203077019     1  1  1
   1         0.585341362728038         0.577390295500545         0.467440455751726     1  1  1
 nonperiodic_Position (normalized), move_x, move_y, move_z
   8         0.482715384415392         0.420706130566262         0.532298216874477     1  1  1
   8         0.500987278871275         0.563729998715993         0.566136287226492     1  1  1
   8         0.429800453875053         0.462898016179617         0.662041508918255     1  1  1
   6         0.510533522757443         0.457806141621859         0.447756848460361     1  1  1
   6         0.518133698175886         0.557334250589894         0.471079040263217     1  1  1
   6         0.463328407595192         0.486740014889853         0.592599715569707     1  1  1
   1         0.580747641737632         0.434650776955526         0.424656162083735     1  1  1
   1         0.464708052751359         0.441222022047126         0.389884785457209     1  1  1
   1         0.461987133489071         0.593617085965523         0.444235203077019     1  1  1
   1         0.585341362728038         0.577390295500545         0.467440455751726     1  1  1
 Force (-force, eV/Angstrom)
   8         0.155296698046456         0.477663977892502         1.785576269335524
   8         0.766892758342609        -0.008559712420142        -0.589112548250339
   8        -0.075819219677087        -1.548286062419979         0.371973262288174
   6        -1.325563132376829         0.321327467376249         0.587288963096099
   6         1.330094618690727         0.781349537933127        -0.891360577734849
   6        -0.667814766774631         2.215100262977642        -1.142708182639290
   1         1.477126886997496         0.064680377066348        -0.871401458596393
   1        -0.274704860240631        -0.257658352027538        -1.131668295629234
   1        -0.415506499532861        -0.816355207830817         0.930766978664145
   1        -0.990401939397007        -1.166873078308753         0.933320701796418
 Velocity (bohr/fs)
   8        -0.005904815668827        -0.003577204920096         0.008776852990869
   8        -0.005450104707096         0.015485542146531        -0.009112309514011
   8        -0.014763814769579        -0.006443084362093         0.001444892511477
   6         0.015528920378017        -0.012864118041965         0.013285643085027
   6        -0.015833282094231         0.005129238269803        -0.019225636030827
   6        -0.010833568405410        -0.014163351391079        -0.005522684674210
   1         0.024076715788067        -0.029236958207932        -0.039981229415049
   1         0.036691593492564         0.021936353339431        -0.038996061434190
   1        -0.012591795324430        -0.028874790408421        -0.005785917386183
   1        -0.057730013955244        -0.040311188451609         0.043520664062926
Atomic-Energy, Etot(eV),E_nonloc(eV),Q_atom:dE(eV)=  -0.4014824598E+04
   8   0.4339866385E+03   -0.2018482674E+02    0.6115590346E+01
   8   0.4335953203E+03   -0.2043327186E+02    0.6095760500E+01
   8   0.4385887051E+03   -0.1986058150E+02    0.6265509522E+01
   6   0.2436135304E+03    0.3869392150E+01    0.3985691352E+01
   6   0.2429365921E+03    0.3932470059E+01    0.3993004983E+01
   6   0.2594689166E+03    0.4494458041E+01    0.3776211099E+01
   1   0.3228654051E+02   -0.1461816649E+01    0.9490704311E+00
   1   0.3248188063E+02   -0.1492059169E+01    0.9423859874E+00
   1   0.3318964459E+02   -0.1597437454E+01    0.9405753919E+00
   1   0.3345087856E+02   -0.1653191971E+01    0.9361608991E+00
 -------------------------------------------------
  10 atoms,Iteration (fs) =    0.2000000000E+01, Etot,Ep,Ek (eV) =   -0.1830573913E+04  -0.1831111265E+04   0.5373512205E+00, SCF =    11
P_sph(bar),Rcut_MD_sp(A)  0.000000E+00  0.000000E+00
     MD_INFO: METHOD(1-VV,2-NH,3-LV,4-LVPR,5-NHRP) TIME(fs) TEMP(K) DESIRED_TEMP(K) AVE_TEMP(K) TIME_INTERVAL(fs) TOT_TEMP(K)
              2    0.2000000000E+01   0.41571E+03   0.30000E+03   0.46129E+03   0.10000E+03   0.92258E+03    
     TOTAL MOMENTUM
              -0.59330E+00  -0.26813E+00  -0.17042E+00 
     MD_NH_INFO: Nose-Hoover Dynamics (NVT), IONS' THERMOSTAT VELOCITY(1/fs)
              0.1326572398E-01   
 Lattice vector (Angstrom)
   0.1500000000E+02    0.0000000000E+00    0.0000000000E+00     stress (eV):  0.624885E+01 -0.357543E+00 -0.102760E+01
   0.0000000000E+00    0.1500000000E+02    0.0000000000E+00     stress (eV): -0.357543E+00  0.415974E+01  0.107296E+01
   0.0000000000E+00    0.0000000000E+00    0.1500000000E+02     stress (eV): -0.102760E+01  0.107296E+01  0.686325E+01
 Pressure Internal(Hartree/bohr^3)
  -0.1008275688E-04    0.5769088607E-06    0.1658074304E-05
   0.5769088607E-06   -0.6711902850E-05   -0.1731253237E-05
   0.1658074304E-05   -0.1731253237E-05   -0.1107410089E-04
 Position (normalized), move_x, move_y, move_z
   8         0.482504835737460         0.420570866831323         0.532570639544066     1  1  1
   8         0.500780408942091         0.564274153419480         0.565828028745235     1  1  1
   8         0.429283348530540         0.462702805020243         0.662084788166299     1  1  1
   6         0.511114523719080         0.457345641311368         0.448207826315220     1  1  1
   6         0.517541884128639         0.557493510480619         0.470427541945950     1  1  1
   6         0.462965723484606         0.486183165130222         0.592436310605826     1  1  1
   1         0.581122118870847         0.433603091538864         0.423529718576516     1  1  1
   1         0.466084619243494         0.442074821313237         0.388875991448093     1  1  1
   1         0.461677377295475         0.592863230769977         0.443734977541312     1  1  1
   1         0.583629401375850         0.576346535779580         0.468671477728097     1  1  1
 nonperiodic_Position (normalized), move_x, move_y, move_z
   8         0.482504835737460         0.420570866831323         0.532570639544066     1  1  1
   8         0.500780408942091         0.564274153419480         0.565828028745235     1  1  1
   8         0.429283348530540         0.462702805020243         0.662084788166299     1  1  1
   6         0.511114523719080         0.457345641311367         0.448207826315219     1  1  1
   6         0.517541884128639         0.557493510480619         0.470427541945949     1  1  1
   6         0.462965723484606         0.486183165130222         0.592436310605826     1  1  1
   1         0.581122118870847         0.433603091538865         0.423529718576516     1  1  1
   1         0.466084619243494         0.442074821313237         0.388875991448093     1  1  1
   1         0.461677377295475         0.592863230769977         0.443734977541312     1  1  1
   1         0.583629401375850         0.576346535779580         0.468671477728097     1  1  1
 Force (-force, eV/Angstrom)
   8         0.051904454999339         0.590635192611375         1.984846700604888
   8         1.068064466783691         0.459192079384313        -0.700619137584761
   8        -0.153675589740412        -1.569670506340976         0.546241966929587
   6        -1.203334894770943         0.165300242908934         1.011734565156435
   6         1.695531198183792         1.441985245942633        -1.358565069618590
   6        -0.707887569089751         1.646246476826025        -1.315160318701086
   1         1.523587369690254        -0.041964605804819        -1.105370912667531
   1        -0.225794739536133        -0.140870327735983        -1.317072752443379
   1        -0.150063995980590        -0.989958181525011         1.095561384394603
   1        -1.906737186546642        -1.528946505747550         1.137114384638282
 Velocity (bohr/fs)
   8        -0.005972362215359        -0.004153061238287         0.006563142131239
   8        -0.006445101796174         0.015098670120459        -0.008303316145730
   8        -0.014508531395460        -0.004619356601047         0.000911651736653
   6         0.017308716764029        -0.013122937885422         0.011964554257417
   6        -0.017985927680235         0.003405388408329        -0.017362275921977
   6        -0.009702037936311        -0.016961782166015        -0.003618240982686
   1        -0.003151319444533        -0.029193862809231        -0.021839963963183
   1         0.040888213310621         0.025339629116047        -0.016612647442007
   1        -0.007391667254116        -0.012362742797665        -0.023985777419434
   1        -0.031149681625656        -0.015691473749708         0.024505900164535
Atomic-Energy, Etot(eV),E_nonloc(eV),Q_atom:dE(eV)=  -0.4014824203E+04
   8   0.4340471714E+03   -0.2025002234E+02    0.6111029245E+01
   8   0.4335238298E+03   -0.2019625397E+02    0.6099192800E+01
   8   0.4385820664E+03   -0.1981200443E+02    0.6264763901E+01
   6   0.2436700864E+03    0.3868920387E+01    0.3983302826E+01
   6   0.2427286920E+03    0.3920766457E+01    0.3996568910E+01
   6   0.2594704850E+03    0.4518666410E+01    0.3776121983E+01
   1   0.3222959159E+02   -0.1447537116E+01    0.9480125694E+00
   1   0.3243469825E+02   -0.1484207274E+01    0.9439111179E+00
   1   0.3327897340E+02   -0.1617772830E+01    0.9390667032E+00
   1   0.3374734419E+02   -0.1705023915E+01    0.9379907358E+00
 -------------------------------------------------
  10 atoms,Iteration (fs) =    0.3000000000E+01, Etot,Ep,Ek (eV) =   -0.1830588784E+04  -0.1831109840E+04   0.5210563776E+00, SCF =    11
P_sph(bar),Rcut_MD_sp(A)  0.000000E+00  0.000000E+00
     MD_INFO: METHOD(1-VV,2-NH,3-LV,4-LVPR,5-NHRP) TIME(fs) TEMP(K) DESIRED_TEMP(K) AVE_TEMP(K) TIME_INTERVAL(fs) TOT_TEMP(K)
              2    0.3000000000E+01   0.40311E+03   0.30000E+03   0.44190E+03   0.10000E+03   0.13257E+04    
     TOTAL MOMENTUM
              -0.58538E+00  -0.26505E+00  -0.16777E+00 
     MD_NH_INFO: Nose-Hoover Dynamics (NVT), IONS' THERMOSTAT VELOCITY(1/fs)
              0.1750584367E-01   
 Lattice vector (Angstrom)
   0.1500000000E+02    0.0000000000E+00    0.0000000000E+00     stress (eV):  0.585746E+01 -0.246977E+00 -0.122929E+01
   0.0000000000E+00    0.1500000000E+02    0.0000000000E+00     stress (eV): -0.246977E+00  0.471676E+01  0.778497E+00
   0.0000000000E+00    0.0000000000E+00    0.1500000000E+02     stress (eV): -0.122929E+01  0.778496E+00  0.710524E+01
 Pressure Internal(Hartree/bohr^3)
  -0.9451232812E-05    0.3985070416E-06    0.1983500854E-05
   0.3985070416E-06   -0.7610659228E-05   -0.1256132699E-05
   0.1983500854E-05   -0.1256132699E-05   -0.1146456266E-04
 Position (normalized), move_x, move_y, move_z
   8         0.482294493986389         0.420413451779673         0.532760741350995     1  1  1
   8         0.500533073054189         0.564794047666013         0.565551127423936     1  1  1
   8         0.428777993785886         0.462572476148482         0.662105755773470     1  1  1
   6         0.511753320378824         0.456881328498137         0.448600026786232     1  1  1
   6         0.516866175452984         0.557574238610784         0.469855468165983     1  1  1
   6         0.462644675637555         0.485544666798914         0.592344727184118     1  1  1
   1         0.580525558725063         0.432593397145162         0.423117033767262     1  1  1
   1         0.467589568811664         0.443007782351822         0.388714041946245     1  1  1
   1         0.461466220341232         0.592745846088881         0.442544852796171     1  1  1
   1         0.583146150450216         0.576284469885810         0.469167460655557     1  1  1
 nonperiodic_Position (normalized), move_x, move_y, move_z
   8         0.482294493986389         0.420413451779673         0.532760741350995     1  1  1
   8         0.500533073054189         0.564794047666013         0.565551127423936     1  1  1
   8         0.428777993785886         0.462572476148482         0.662105755773470     1  1  1
   6         0.511753320378824         0.456881328498136         0.448600026786232     1  1  1
   6         0.516866175452984         0.557574238610784         0.469855468165983     1  1  1
   6         0.462644675637555         0.485544666798914         0.592344727184118     1  1  1
   1         0.580525558725063         0.432593397145162         0.423117033767262     1  1  1
   1         0.467589568811664         0.443007782351822         0.388714041946245     1  1  1
   1         0.461466220341232         0.592745846088881         0.442544852796171     1  1  1
   1         0.583146150450216         0.576284469885810         0.469167460655557     1  1  1
 Force (-force, eV/Angstrom)
   8        -0.029165462036540         0.707198072626328         2.091526677490410
   8         1.309110779873557         0.862042767784910        -0.710574859349691
   8        -0.204630205955921        -1.546118437910971         0.639214721104455
   6        -0.919702255805986        -0.130865635925215         1.113776098842371
   6         1.255945288688240         1.595250305914445        -1.620046405594862
   6        -0.747011376487633         1.095330387066747        -1.379583313002788
   1         1.254661907582924        -0.055991253002019        -1.202443384833142
   1        -0.033032384117727         0.017165297356354        -1.269725023532517
   1        -0.037230855458924        -0.986148840245204         1.103829156356441
   1        -1.850782003143617        -1.542549969128321         1.213672179349100
 Velocity (bohr/fs)
   8        -0.005906528296668        -0.004832988773104         0.004169159023624
   8        -0.007705801730254         0.014151790409347        -0.007395065024663
   8        -0.014114509071763        -0.002794742457766         0.000228592261596
   6         0.018681418643846        -0.012975963894549         0.010204214953054
   6        -0.019974360641924         0.001070390354997        -0.014887553047540
   6        -0.008477165991492        -0.018805444201594        -0.001538681892572
   1        -0.028071236251795        -0.027929043151179        -0.000817372165260
   1         0.042674832598826         0.026117135181939         0.006847610835452
   1        -0.005611489067022         0.005554699514969        -0.043430319611822
   1         0.003020608569509         0.012111466748340         0.003062087391107
Atomic-Energy, Etot(eV),E_nonloc(eV),Q_atom:dE(eV)=  -0.4014824134E+04
   8   0.4340710109E+03   -0.2033066905E+02    0.6106952763E+01
   8   0.4335033644E+03   -0.1996253144E+02    0.6103411529E+01
   8   0.4385877589E+03   -0.1979117960E+02    0.6263481820E+01
   6   0.2436079409E+03    0.3828209517E+01    0.3983245776E+01
   6   0.2426821374E+03    0.3931546507E+01    0.3997789868E+01
   6   0.2594628510E+03    0.4541902005E+01    0.3776193830E+01
   1   0.3228461361E+02   -0.1460893367E+01    0.9462214384E+00
   1   0.3246025694E+02   -0.1495634888E+01    0.9450234394E+00
   1   0.3328774839E+02   -0.1623530689E+01    0.9383525888E+00
   1   0.3376661134E+02   -0.1699927306E+01    0.9392883883E+00
 -------------------------------------------------
  10 atoms,Iteration (fs) =    0.4000000000E+01, Etot,Ep,Ek (eV) =   -0.1830615183E+04  -0.1831208600E+04   0.5934171126E+00, SCF =     5
P_sph(bar),Rcut_MD_sp(A)  0.000000E+00  0.000000E+00
     MD_INFO: METHOD(1-VV,2-NH,3-LV,4-LVPR,5-NHRP) TIME(fs) TEMP(K) DESIRED_TEMP(K) AVE_TEMP(K) TIME_INTERVAL(fs) TOT_TEMP(K)
              2    0.4000000000E+01   0.45909E+03   0.30000E+03   0.44619E+03   0.10000E+03   0.17848E+04    
     TOTAL MOMENTUM
              -0.57515E+00  -0.26070E+00  -0.16443E+00 
     MD_NH_INFO: Nose-Hoover Dynamics (NVT), IONS' THERMOSTAT VELOCITY(1/fs)
              0.2404808071E-01   
 Lattice vector (Angstrom)
   0.1500000000E+02    0.0000000000E+00    0.0000000000E+00     stress (eV):  0.605449E+01  0.258126E-01 -0.128877E+01
   0.0000000000E+00    0.1500000000E+02    0.0000000000E+00     stress (eV):  0.258126E-01  0.530830E+01  0.429340E+00
   0.0000000000E+00    0.0000000000E+00    0.1500000000E+02     stress (eV): -0.128877E+01  0.429340E+00  0.710151E+01
 Pressure Internal(Hartree/bohr^3)
  -0.9769144750E-05   -0.4164955512E-07    0.2079481812E-05
  -0.4164955512E-07   -0.8565132293E-05   -0.6927562287E-06
   0.2079481812E-05   -0.6927562287E-06   -0.1145855333E-04
 Position (normalized), move_x, move_y, move_z
   8         0.482088530812250         0.420230227300169         0.532864490914676     1  1  1
   8         0.500237287322779         0.565271602301808         0.565306808522900     1  1  1
   8         0.428288527317745         0.462505825510212         0.662100899844698     1  1  1
   6         0.512431230623833         0.456431067232091         0.448927041517364     1  1  1
   6         0.516134047867558         0.557568953914443         0.469378234917062     1  1  1
   6         0.462368234439125         0.484857716635156         0.592327860968741     1  1  1
   1         0.579143597255205         0.431634592001361         0.423472108413483     1  1  1
   1         0.469092434003888         0.443915613647162         0.389358625911781     1  1  1
   1         0.461281867375091         0.593254738039560         0.440673914417641     1  1  1
   1         0.583842300419325         0.577200178224957         0.468887300288883     1  1  1
 nonperiodic_Position (normalized), move_x, move_y, move_z
   8         0.482088530812249         0.420230227300169         0.532864490914675     1  1  1
   8         0.500237287322779         0.565271602301808         0.565306808522900     1  1  1
   8         0.428288527317745         0.462505825510212         0.662100899844698     1  1  1
   6         0.512431230623833         0.456431067232090         0.448927041517364     1  1  1
   6         0.516134047867557         0.557568953914443         0.469378234917062     1  1  1
   6         0.462368234439125         0.484857716635156         0.592327860968741     1  1  1
   1         0.579143597255205         0.431634592001361         0.423472108413483     1  1  1
   1         0.469092434003888         0.443915613647162         0.389358625911781     1  1  1
   1         0.461281867375091         0.593254738039560         0.440673914417641     1  1  1
   1         0.583842300419325         0.577200178224956         0.468887300288883     1  1  1
 Force (-force, eV/Angstrom)
   8        -0.090338396698202         0.801022008391933         2.113108185637165
   8         1.474271593629921         1.205308691958301        -0.611366867768046
   8        -0.230986542112296        -1.484142373678911         0.642148787565568
   6        -0.454644455440019        -0.554567356437208         0.863725374675276
   6         0.163814548902822         1.239284422641884        -1.685318794535912
   6        -0.787053695832111         0.591480646627268        -1.333300711755693
   1         0.671300146467578         0.034583164740514        -1.142119866825456
   1         0.279657036796759         0.197028480845306        -0.996295766555917
   1        -0.127011730177142        -0.782404179082893         0.931630013379449
   1        -0.904547507897345        -1.236976822377852         1.193485229806432
 Velocity (bohr/fs)
   8        -0.005736521953186        -0.005601073526037         0.001721713539938
   8        -0.009144339447241         0.012738405353715        -0.006519999316945
   8        -0.013623497529763        -0.001034523347943        -0.000499185234415
   6         0.019391322266103        -0.012235039244867         0.008539199757244
   6        -0.020695996825747        -0.001080974633938        -0.012142138705062
   6        -0.007175776843748        -0.019748303079237         0.000529276140721
   1        -0.044851712315983        -0.027252425273864         0.020217493393412
   1         0.039723090037947         0.023743499915585         0.027045269534796
   1        -0.004041555724862         0.021314642131394        -0.060925974673424
   1         0.027671682357442         0.036821724143904        -0.018572934077857
Atomic-Energy, Etot(eV),E_nonloc(eV),Q_atom:dE(eV)=  -0.4014823874E+04
   8   0.4340585775E+03   -0.2042280819E+02    0.6103701724E+01
   8   0.4335327387E+03   -0.1975336920E+02    0.6108844378E+01
   8   0.4386045951E+03   -0.1979976086E+02    0.6261930150E+01
   6   0.2434412159E+03    0.3757279435E+01    0.3985419478E+01
   6   0.2428011275E+03    0.3963409383E+01    0.3996548127E+01
   6   0.2594475013E+03    0.4561595999E+01    0.3775526826E+01
   1   0.3244728193E+02   -0.1500560029E+01    0.9439704320E+00
   1   0.3255575073E+02   -0.1524436619E+01    0.9455692196E+00
   1   0.3320354438E+02   -0.1610688711E+01    0.9382530276E+00
   1   0.3352294113E+02   -0.1643556909E+01    0.9401980180E+00
 -------------------------------------------------
  10 atoms,Iteration (fs) =    0.5000000000E+01, Etot,Ep,Ek (eV) =   -0.1830650236E+04  -0.1831303115E+04   0.6528787360E+00, SCF =    10
P_sph(bar),Rcut_MD_sp(A)  0.000000E+00  0.000000E+00
     MD_INFO: METHOD(1-VV,2-NH,3-LV,4-LVPR,5-NHRP) TIME(fs) TEMP(K) DESIRED_TEMP(K) AVE_TEMP(K) TIME_INTERVAL(fs) TOT_TEMP(K)
              2    0.5000000000E+01   0.50509E+03   0.30000E+03   0.45797E+03   0.10000E+03   0.22899E+04    
     TOTAL MOMENTUM
              -0.56146E+00  -0.25478E+00  -0.16018E+00 
     MD_NH_INFO: Nose-Hoover Dynamics (NVT), IONS' THERMOSTAT VELOCITY(1/fs)
              0.3248205690E-01   
 Lattice vector (Angstrom)
   0.1500000000E+02    0.0000000000E+00    0.0000000000E+00     stress (eV):  0.639280E+01  0.366960E+00 -0.120235E+01
   0.0000000000E+00    0.1500000000E+02    0.0000000000E+00     stress (eV):  0.366960E+00  0.597106E+01  0.225469E-01
   0.0000000000E+00    0.0000000000E+00    0.1500000000E+02     stress (eV): -0.120235E+01  0.225466E-01  0.697043E+01
 Pressure Internal(Hartree/bohr^3)
  -0.1031502485E-04   -0.5921030045E-06    0.1940040392E-05
  -0.5921030045E-06   -0.9634525639E-05   -0.3638001111E-07
   0.1940040392E-05   -0.3638001111E-07   -0.1124705493E-04
 Position (normalized), move_x, move_y, move_z
   8         0.481890404423396         0.420018903415369         0.532882021540913     1  1  1
   8         0.499888931506184         0.565691360827997         0.565091848492173     1  1  1
   8         0.427818333349100         0.462499602708619         0.662070592386165     1  1  1
   6         0.513119275395522         0.456019473230781         0.449201541349650     1  1  1
   6         0.515408317123276         0.557498093069811         0.469000156957701     1  1  1
   6         0.462139202712918         0.484153565496374         0.592382010221846     1  1  1
   1         0.577366134081154         0.430673693758813         0.424541185568094     1  1  1
   1         0.470387725294831         0.444680311557339         0.390619152958895     1  1  1
   1         0.461181526845766         0.594247282759829         0.438253132014559     1  1  1
   1         0.585095386960131         0.578878249625408         0.467859154180614     1  1  1
 nonperiodic_Position (normalized), move_x, move_y, move_z
   8         0.481890404423396         0.420018903415369         0.532882021540913     1  1  1
   8         0.499888931506184         0.565691360827997         0.565091848492173     1  1  1
   8         0.427818333349100         0.462499602708619         0.662070592386165     1  1  1
   6         0.513119275395521         0.456019473230781         0.449201541349650     1  1  1
   6         0.515408317123276         0.557498093069811         0.469000156957700     1  1  1
   6         0.462139202712918         0.484153565496374         0.592382010221846     1  1  1
   1         0.577366134081154         0.430673693758813         0.424541185568094     1  1  1
   1         0.470387725294831         0.444680311557339         0.390619152958895     1  1  1
   1         0.461181526845766         0.594247282759829         0.438253132014559     1  1  1
   1         0.585095386960131         0.578878249625408         0.467859154180614     1  1  1
 Force (-force, eV/Angstrom)
   8        -0.120145003458495         0.863899590493784         2.042869248328558
   8         1.567443720552026         1.460595051867597        -0.424996950533766
   8        -0.225727206004795        -1.388829998493608         0.576392599771770
   6         0.203759582098425        -1.073854026246106         0.298311355528718
   6        -0.969080107620054         0.586718346892648        -1.560776272783067
   6        -0.823646489855170         0.164959111013070        -1.176251256750843
   1        -0.199212113339494         0.236243248883120        -0.916700712106519
   1         0.663595295865016         0.377123751754445        -0.541218864687140
   1        -0.362294593034249        -0.422124814641459         0.606553400067078
   1         0.268361551273705        -0.787354283648658         1.084100741682008
 Velocity (bohr/fs)
   8        -0.005481696090831        -0.006405411933077        -0.000659219118190
   8        -0.010639684391305         0.010934675211786        -0.005781544693009
   8        -0.013042618651300         0.000607684794168        -0.001173422434685
   6         0.019118701852386        -0.010722992815031         0.007464762822077
   6        -0.019600263403832        -0.002424786806098        -0.009419047555927
   6        -0.005797241298866        -0.019846365181690         0.002398858599899
   1        -0.048004854631003        -0.029025146763093         0.038136208674645
   1         0.030349580989157         0.018048252854920         0.040142968452374
   1         0.000427281349818         0.031572710413731        -0.073224564768883
   1         0.032699562144315         0.054037660473055        -0.038485775964797
Atomic-Energy, Etot(eV),E_nonloc(eV),Q_atom:dE(eV)=  -0.4014824823E+04
   8   0.4340138611E+03   -0.2050600220E+02    0.6100726334E+01
   8   0.4335966636E+03   -0.1955922305E+02    0.6114177393E+01
   8   0.4386332387E+03   -0.1982320340E+02    0.6259501565E+01
   6   0.2432077441E+03    0.3676408088E+01    0.3988405224E+01
   6   0.2430244351E+03    0.4012586744E+01    0.3993752659E+01
   6   0.2594231945E+03    0.4578129790E+01    0.3775490661E+01
   1   0.3269914659E+02   -0.1561102174E+01    0.9419177364E+00
   1   0.3270340514E+02   -0.1565101052E+01    0.9457395426E+00
   1   0.3304531231E+02   -0.1582715871E+01    0.9387271910E+00
   1   0.3317470652E+02   -0.1568776153E+01    0.9415229864E+00
 -------------------------------------------------
  10 atoms,Iteration (fs) =    0.6000000000E+01, Etot,Ep,Ek (eV) =   -0.1830690174E+04  -0.1831329712E+04   0.6395377094E+00, SCF =     8
P_sph(bar),Rcut_MD_sp(A)  0.000000E+00  0.000000E+00
     MD_INFO: METHOD(1-VV,2-NH,3-LV,4-LVPR,5-NHRP) TIME(fs) TEMP(K) DESIRED_TEMP(K) AVE_TEMP(K) TIME_INTERVAL(fs) TOT_TEMP(K)
              2    0.6000000000E+01   0.49477E+03   0.30000E+03   0.46411E+03   0.10000E+03   0.27846E+04    
     TOTAL MOMENTUM
              -0.54356E+00  -0.24691E+00  -0.15492E+00 
     MD_NH_INFO: Nose-Hoover Dynamics (NVT), IONS' THERMOSTAT VELOCITY(1/fs)
              0.4049159560E-01   
 Lattice vector (Angstrom)
   0.1500000000E+02    0.0000000000E+00    0.0000000000E+00     stress (eV):  0.643835E+01  0.701911E+00 -0.106216E+01
   0.0000000000E+00    0.1500000000E+02    0.0000000000E+00     stress (eV):  0.701911E+00  0.660220E+01 -0.397077E+00
   0.0000000000E+00    0.0000000000E+00    0.1500000000E+02     stress (eV): -0.106216E+01 -0.397077E+00  0.674702E+01
 Pressure Internal(Hartree/bohr^3)
  -0.1038852350E-04   -0.1132559443E-05    0.1713838648E-05
  -0.1132559443E-05   -0.1065288841E-04    0.6406990333E-06
   0.1713838648E-05    0.6406990333E-06   -0.1088657253E-04
 Position (normalized), move_x, move_y, move_z
   8         0.481702574498718         0.419779233823811         0.532818076488109     1  1  1
   8         0.499488166376129         0.566041493018929         0.564899740411268     1  1  1
   8         0.427370220113178         0.462548611498173         0.662018281292045     1  1  1
   6         0.513777343864004         0.455676080689907         0.449452621975029     1  1  1
   6         0.514754028748977         0.557398229058254         0.468715056803677     1  1  1
   6         0.461960061157847         0.483460369935227         0.592496760266797     1  1  1
   1         0.575763662209917         0.429590983881031         0.426157209934665     1  1  1
   1         0.471229293144147         0.445186358508269         0.392185019761673     1  1  1
   1         0.461311951482616         0.595477715511783         0.435518305166438     1  1  1
   1         0.586144617485103         0.581004872225222         0.466177586366648     1  1  1
 nonperiodic_Position (normalized), move_x, move_y, move_z
   8         0.481702574498718         0.419779233823811         0.532818076488109     1  1  1
   8         0.499488166376129         0.566041493018929         0.564899740411268     1  1  1
   8         0.427370220113178         0.462548611498172         0.662018281292045     1  1  1
   6         0.513777343864004         0.455676080689907         0.449452621975028     1  1  1
   6         0.514754028748976         0.557398229058254         0.468715056803677     1  1  1
   6         0.461960061157847         0.483460369935227         0.592496760266798     1  1  1
   1         0.575763662209918         0.429590983881031         0.426157209934665     1  1  1
   1         0.471229293144147         0.445186358508269         0.392185019761674     1  1  1
   1         0.461311951482616         0.595477715511783         0.435518305166438     1  1  1
   1         0.586144617485102         0.581004872225222         0.466177586366648     1  1  1
 Force (-force, eV/Angstrom)
   8        -0.128030008727625         0.871980161373846         1.899508422985443
   8         1.592280943462285         1.640222997290811        -0.207284552600258
   8        -0.199608845534100        -1.270056981555210         0.445748608143558
   6         0.963558919709346        -1.609149250650057        -0.402986341089932
   6        -1.768088699700287        -0.120828838936743        -1.295449214789581
   6        -0.863534380361572        -0.187953752360765        -0.931138134646486
   1        -1.167385439757177         0.502253133811888        -0.583451079470795
   1         1.011206884623972         0.529587095227808        -0.028835397931351
   1        -0.608249988936069        -0.003058236125373         0.207223127020832
   1         1.169290826989398        -0.341512042475816         0.893755128565700
 Velocity (bohr/fs)
   8        -0.005167329982187        -0.007174006428485        -0.002848690913714
   8        -0.012071307406800         0.008846501814187        -0.005242221039888
   8        -0.012387246688281         0.002079133872539        -0.001709044252160
   6         0.017635758030537        -0.008376356919140         0.007304347288971
   6        -0.016929428315595        -0.002695249805752        -0.006984712355856
   6        -0.004351812698322        -0.019194842512718         0.003896163545281
   1        -0.034308238705774        -0.034669776603380         0.050268088387739
   1         0.014474366431024         0.009401968705769         0.043933164115116
   1         0.009051130874496         0.034347533747743        -0.078126417914153
   1         0.018859785407116         0.062356972402352        -0.054857881387539
Atomic-Energy, Etot(eV),E_nonloc(eV),Q_atom:dE(eV)=  -0.4014825254E+04
   8   0.4339491525E+03   -0.2058171002E+02    0.6098528364E+01
   8   0.4336722449E+03   -0.1939867172E+02    0.6118987994E+01
   8   0.4386714159E+03   -0.1986519525E+02    0.6256783617E+01
   6   0.2429751602E+03    0.3615098269E+01    0.3991413951E+01
   6   0.2432689200E+03    0.4064433613E+01    0.3990470018E+01
   6   0.2593916341E+03    0.4590886592E+01    0.3774706003E+01
   1   0.3298284556E+02   -0.1626360993E+01    0.9402886267E+00
   1   0.3286545933E+02   -0.1606283867E+01    0.9456203838E+00
   1   0.3285923739E+02   -0.1547955010E+01    0.9394401389E+00
   1   0.3285947265E+02   -0.1505284663E+01    0.9437217725E+00
 -------------------------------------------------
  10 atoms,Iteration (fs) =    0.7000000000E+01, Etot,Ep,Ek (eV) =   -0.1830735340E+04  -0.1831328298E+04   0.5929582119E+00, SCF =     9
P_sph(bar),Rcut_MD_sp(A)  0.000000E+00  0.000000E+00
     MD_INFO: METHOD(1-VV,2-NH,3-LV,4-LVPR,5-NHRP) TIME(fs) TEMP(K) DESIRED_TEMP(K) AVE_TEMP(K) TIME_INTERVAL(fs) TOT_TEMP(K)
              2    0.7000000000E+01   0.45873E+03   0.30000E+03   0.46334E+03   0.10000E+03   0.32434E+04    
     TOTAL MOMENTUM
              -0.52213E+00  -0.23744E+00  -0.14866E+00 
     MD_NH_INFO: Nose-Hoover Dynamics (NVT), IONS' THERMOSTAT VELOCITY(1/fs)
              0.4701923296E-01   
 Lattice vector (Angstrom)
   0.1500000000E+02    0.0000000000E+00    0.0000000000E+00     stress (eV):  0.636283E+01  0.919583E+00 -0.951179E+00
   0.0000000000E+00    0.1500000000E+02    0.0000000000E+00     stress (eV):  0.919583E+00  0.721954E+01 -0.747459E+00
   0.0000000000E+00    0.0000000000E+00    0.1500000000E+02     stress (eV): -0.951180E+00 -0.747459E+00  0.661144E+01
 Pressure Internal(Hartree/bohr^3)
  -0.1026666825E-04   -0.1483780753E-05    0.1534763613E-05
  -0.1483780753E-05   -0.1164899727E-04    0.1206053018E-05
   0.1534763613E-05    0.1206053018E-05   -0.1066779895E-04
 Position (normalized), move_x, move_y, move_z
   8         0.481526543372821         0.419513740879804         0.532681429035266     1  1  1
   8         0.499038922195766         0.566314293262180         0.564722713936900     1  1  1
   8         0.426946076959576         0.462646006332494         0.661950248874290     1  1  1
   6         0.514361109276232         0.455429646368726         0.449715881925441     1  1  1
   6         0.514216219929214         0.557308305224006         0.468508323692836     1  1  1
   6         0.461832766865821         0.482801947622851         0.592656361224334     1  1  1
   1         0.574950296149007         0.428232397890034         0.428080847156235     1  1  1
   1         0.471406947638704         0.445342357569991         0.393712736551417     1  1  1
   1         0.461818868374224         0.596665887679046         0.432751807230201     1  1  1
   1         0.586423411559978         0.583269158192745         0.463996299200801     1  1  1
 nonperiodic_Position (normalized), move_x, move_y, move_z
   8         0.481526543372821         0.419513740879804         0.532681429035266     1  1  1
   8         0.499038922195766         0.566314293262180         0.564722713936900     1  1  1
   8         0.426946076959576         0.462646006332494         0.661950248874290     1  1  1
   6         0.514361109276232         0.455429646368726         0.449715881925440     1  1  1
   6         0.514216219929214         0.557308305224005         0.468508323692836     1  1  1
   6         0.461832766865821         0.482801947622851         0.592656361224334     1  1  1
   1         0.574950296149008         0.428232397890034         0.428080847156235     1  1  1
   1         0.471406947638704         0.445342357569991         0.393712736551417     1  1  1
   1         0.461818868374224         0.596665887679047         0.432751807230201     1  1  1
   1         0.586423411559977         0.583269158192745         0.463996299200801     1  1  1
 Force (-force, eV/Angstrom)
   8        -0.107181408046174         0.825043400303022         1.675821055286341
   8         1.571005024499195         1.755167061774280        -0.000169622479774
   8        -0.154529615625031        -1.139127875860276         0.270188933950494
   6         1.545946993510732        -1.955132893386813        -0.898792709063670
   6        -2.200007131128167        -0.710253252618274        -0.969178861607964
   6        -0.900495032276815        -0.460965449533259        -0.620467748379363
   1        -1.820593405868502         0.676747093526830        -0.291743210434162
   1         1.176071731119952         0.628551805669333         0.356931414175066
   1        -0.746476809545453         0.376240540050537        -0.179145958735184
   1         1.650064284698840         0.027153474962789         0.648633782528102
 Velocity (bohr/fs)
   8        -0.004830880177781        -0.007837091964303        -0.004732496355926
   8        -0.013358953663210         0.006599034971278        -0.004918301706587
   8        -0.011697830076318         0.003342175760068        -0.002041075296584
   6         0.015068871207152        -0.005392252727329         0.007982915772895
   6        -0.013305450263240        -0.001969993504830        -0.005022722967999
   6        -0.002866740518961        -0.017950269923837         0.004895856016234
   1        -0.006459027304149        -0.043745301736831         0.056031393196675
   1        -0.005489696696122        -0.001237749597091         0.039281063293365
   1         0.020701176951802         0.029676191051817        -0.075274626602877
   1        -0.006881505082321         0.062668843333497        -0.066353516838973
Atomic-Energy, Etot(eV),E_nonloc(eV),Q_atom:dE(eV)=  -0.4014825537E+04
   8   0.4338832062E+03   -0.2063843529E+02    0.6097000273E+01
   8   0.4337412077E+03   -0.1927160930E+02    0.6122778929E+01
   8   0.4387168282E+03   -0.1991567110E+02    0.6253775222E+01
   6   0.2428323836E+03    0.3596658516E+01    0.3993127000E+01
   6   0.2434683614E+03    0.4100057502E+01    0.3988094582E+01
   6   0.2593550624E+03    0.4601445116E+01    0.3773744279E+01
   1   0.3318372349E+02   -0.1669630328E+01    0.9391195155E+00
   1   0.3298593852E+02   -0.1634172888E+01    0.9455795048E+00
   1   0.3269271284E+02   -0.1516900594E+01    0.9403908798E+00
   1   0.3263781454E+02   -0.1466346883E+01    0.9463510696E+00
 -------------------------------------------------
  10 atoms,Iteration (fs) =    0.8000000000E+01, Etot,Ep,Ek (eV) =   -0.1830790524E+04  -0.1831372714E+04   0.5821904588E+00, SCF =     5
P_sph(bar),Rcut_MD_sp(A)  0.000000E+00  0.000000E+00
     MD_INFO: METHOD(1-VV,2-NH,3-LV,4-LVPR,5-NHRP) TIME(fs) TEMP(K) DESIRED_TEMP(K) AVE_TEMP(K) TIME_INTERVAL(fs) TOT_TEMP(K)
              2    0.8000000000E+01   0.45040E+03   0.30000E+03   0.46172E+03   0.10000E+03   0.36938E+04    
     TOTAL MOMENTUM
              -0.49843E+00  -0.22706E+00  -0.14165E+00 
     MD_NH_INFO: Nose-Hoover Dynamics (NVT), IONS' THERMOSTAT VELOCITY(1/fs)
              0.5320430013E-01   
 Lattice vector (Angstrom)
   0.1500000000E+02    0.0000000000E+00    0.0000000000E+00     stress (eV):  0.648852E+01  0.893584E+00 -0.912897E+00
   0.0000000000E+00    0.1500000000E+02    0.0000000000E+00     stress (eV):  0.893584E+00  0.784016E+01 -0.946118E+00
   0.0000000000E+00    0.0000000000E+00    0.1500000000E+02     stress (eV): -0.912897E+00 -0.946118E+00  0.665967E+01
 Pressure Internal(Hartree/bohr^3)
  -0.1046946554E-04   -0.1441831507E-05    0.1472993518E-05
  -0.1441831507E-05   -0.1265038253E-04    0.1526596993E-05
   0.1472993518E-05    0.1526596993E-05   -0.1074562956E-04
 Position (normalized), move_x, move_y, move_z
   8         0.481362278512309         0.419227174811286         0.532484710837058     1  1  1
   8         0.498547137382050         0.566506341045015         0.564553286293363     1  1  1
   8         0.426546203685908         0.462784040437656         0.661874504235727     1  1  1
   6         0.514838822559976         0.455296240600050         0.450014953081864     1  1  1
   6         0.513816768631707         0.557259459132635         0.468361247062190     1  1  1
   6         0.461758122741496         0.482195920272796         0.592841633269449     1  1  1
   1         0.575308676578558         0.426509485260186         0.430104163184600     1  1  1
   1         0.470842588923892         0.445099169175359         0.394952049306744     1  1  1
   1         0.462770180039607         0.597568160386258         0.430215823554656     1  1  1
   1         0.585659871750622         0.585419379535376         0.461503523952870     1  1  1
 nonperiodic_Position (normalized), move_x, move_y, move_z
   8         0.481362278512309         0.419227174811286         0.532484710837058     1  1  1
   8         0.498547137382050         0.566506341045015         0.564553286293362     1  1  1
   8         0.426546203685908         0.462784040437656         0.661874504235727     1  1  1
   6         0.514838822559976         0.455296240600050         0.450014953081863     1  1  1
   6         0.513816768631706         0.557259459132635         0.468361247062190     1  1  1
   6         0.461758122741497         0.482195920272796         0.592841633269449     1  1  1
   1         0.575308676578558         0.426509485260186         0.430104163184600     1  1  1
   1         0.470842588923892         0.445099169175359         0.394952049306744     1  1  1
   1         0.462770180039607         0.597568160386258         0.430215823554657     1  1  1
   1         0.585659871750621         0.585419379535376         0.461503523952870     1  1  1
 Force (-force, eV/Angstrom)
   8        -0.067757595650131         0.725502927934014         1.385535022445610
   8         1.512932098420298         1.813574782765475         0.172231560650627
   8        -0.109389938673623        -1.007029194560958         0.086372333630037
   6         1.654219791823999        -1.899179933795038        -0.908381585269421
   6        -2.337526648073977        -1.093994663501492        -0.658053552845004
   6        -0.931886455075196        -0.665834854509921        -0.279551065898651
   1        -1.762658803813663         0.565339296133810        -0.172450337003659
   1         1.041648665703780         0.652969783443586         0.470694926408801
   1        -0.717128803280757         0.649035455331056        -0.486017810235397
   1         1.733843584547130         0.291735496168717         0.377801190619503
 Velocity (bohr/fs)
   8        -0.004511559343647        -0.008340299307526        -0.006219441043973
   8        -0.014462177203468         0.004309051184930        -0.004788150982292
   8        -0.011013508691027         0.004383471018729        -0.002145818606942
   6         0.012003433439858        -0.002286248432914         0.008956354497816
   6        -0.009329255596782        -0.000541496044595        -0.003585256980883
   6        -0.001376183855156        -0.016290033886228         0.005338381823585
   1         0.025500915626423        -0.052711307968412         0.057559176665276
   1        -0.024834274311268        -0.012504986670191         0.030163245142722
   1         0.032683255290534         0.019253092425085        -0.065938884240787
   1        -0.036467098555626         0.056972039909992        -0.072375326879817
Atomic-Energy, Etot(eV),E_nonloc(eV),Q_atom:dE(eV)=  -0.4014825488E+04
   8   0.4338337316E+03   -0.2067484072E+02    0.6096318931E+01
   8   0.4337920223E+03   -0.1918036196E+02    0.6125507550E+01
   8   0.4387652874E+03   -0.1996682225E+02    0.6250715856E+01
   6   0.2428422053E+03    0.3630756655E+01    0.3992907864E+01
   6   0.2435850407E+03    0.4101547912E+01    0.3987646004E+01
   6   0.2593178740E+03    0.4608966528E+01    0.3772628596E+01
   1   0.3319775865E+02   -0.1667817327E+01    0.9381672552E+00
   1   0.3302093617E+02   -0.1638147634E+01    0.9458277485E+00
   1   0.3257574215E+02   -0.1497552316E+01    0.9415940021E+00
   1   0.3252217560E+02   -0.1454629530E+01    0.9486477060E+00
 -------------------------------------------------
  10 atoms,Iteration (fs) =    0.9000000000E+01, Etot,Ep,Ek (eV) =   -0.1830858542E+04  -0.1831463936E+04   0.6053940792E+00, SCF =     4
P_sph(bar),Rcut_MD_sp(A)  0.000000E+00  0.000000E+00
     MD_INFO: METHOD(1-VV,2-NH,3-LV,4-LVPR,5-NHRP) TIME(fs) TEMP(K) DESIRED_TEMP(K) AVE_TEMP(K) TIME_INTERVAL(fs) TOT_TEMP(K)
              2    0.9000000000E+01   0.46835E+03   0.30000E+03   0.46246E+03   0.10000E+03   0.41621E+04    
     TOTAL MOMENTUM
              -0.47280E+00  -0.21585E+00  -0.13407E+00 
     MD_NH_INFO: Nose-Hoover Dynamics (NVT), IONS' THERMOSTAT VELOCITY(1/fs)
              0.6012757784E-01   
 Lattice vector (Angstrom)
   0.1500000000E+02    0.0000000000E+00    0.0000000000E+00     stress (eV):  0.684082E+01  0.614089E+00 -0.897881E+00
   0.0000000000E+00    0.1500000000E+02    0.0000000000E+00     stress (eV):  0.614089E+00  0.845472E+01 -0.977048E+00
   0.0000000000E+00    0.0000000000E+00    0.1500000000E+02     stress (eV): -0.897881E+00 -0.977048E+00  0.684442E+01
 Pressure Internal(Hartree/bohr^3)
  -0.1103791613E-04   -0.9908555153E-06    0.1448764530E-05
  -0.9908555153E-06   -0.1364200938E-04    0.1576502855E-05
   0.1448764530E-05    0.1576502855E-05   -0.1104372888E-04
 Position (normalized), move_x, move_y, move_z
   8         0.481208713664867         0.418926184629016         0.532243282713767     1  1  1
   8         0.498020092738622         0.566617856703408         0.564385398939485     1  1  1
   8         0.426170198824282         0.462954812491870         0.661799080542186     1  1  1
   6         0.515206725493163         0.455268585055687         0.450346837946973     1  1  1
   6         0.513558993822695         0.557270157985634         0.468255750005475     1  1  1
   6         0.461735817656144         0.481654349571213         0.593032438807870     1  1  1
   1         0.576746781122106         0.424518998964878         0.432135768064093     1  1  1
   1         0.469657426120670         0.444461408000536         0.395837672668717     1  1  1
   1         0.464121333817487         0.598022226868354         0.428106553843348     1  1  1
   1         0.583854382450300         0.587282716571764         0.458897612194128     1  1  1
 nonperiodic_Position (normalized), move_x, move_y, move_z
   8         0.481208713664867         0.418926184629016         0.532243282713767     1  1  1
   8         0.498020092738623         0.566617856703408         0.564385398939485     1  1  1
   8         0.426170198824282         0.462954812491870         0.661799080542186     1  1  1
   6         0.515206725493163         0.455268585055687         0.450346837946972     1  1  1
   6         0.513558993822695         0.557270157985633         0.468255750005475     1  1  1
   6         0.461735817656145         0.481654349571213         0.593032438807870     1  1  1
   1         0.576746781122107         0.424518998964878         0.432135768064093     1  1  1
   1         0.469657426120669         0.444461408000536         0.395837672668717     1  1  1
   1         0.464121333817487         0.598022226868354         0.428106553843348     1  1  1
   1         0.583854382450300         0.587282716571764         0.458897612194128     1  1  1
 Force (-force, eV/Angstrom)
   8        -0.020795485171849         0.580663530038331         1.063161805225064
   8         1.416036124734691         1.811247425950374         0.292664496956173
   8        -0.067720209663263        -0.884402633379645        -0.101331820102442
   6         1.330697967742521        -1.429928238888441        -0.483916908639544
   6        -2.236068350976983        -1.217736550538998        -0.417642542425907
   6        -0.945269062987898        -0.814165681155305         0.064923662804111
   1        -1.053911520276155         0.155861478903774        -0.189535465558441
   1         0.627947538109587         0.600826943618875         0.322679144041021
   1        -0.512916034099400         0.787358198690508        -0.675743751546365
   1         1.466984504777542         0.436375341701535         0.111052114752666
 Velocity (bohr/fs)
   8        -0.004228593217161        -0.008633050879266        -0.007256273385671
   8        -0.015338401096137         0.002073760128503        -0.004798044434609
   8        -0.010344421015265         0.005206141535499        -0.002026306890552
   6         0.009174455284667         0.000293606977104         0.009521578784099
   6        -0.005464283197077         0.001195740956403        -0.002604135135855
   6         0.000083008734807        -0.014351557371106         0.005220401159030
   1         0.048992816683134        -0.056333166648207         0.057765169146106
   1        -0.038256078980952        -0.022902642250404         0.021610526416485
   1         0.041825909368537         0.005600906840152        -0.052286639902534
   1        -0.062775915383710         0.047604896482866        -0.072931144049564
Atomic-Energy, Etot(eV),E_nonloc(eV),Q_atom:dE(eV)=  -0.4014825276E+04
   8   0.4338089388E+03   -0.2069381794E+02    0.6096669517E+01
   8   0.4338185865E+03   -0.1912568828E+02    0.6127083398E+01
   8   0.4388116122E+03   -0.2001374363E+02    0.6247802640E+01
   6   0.2429976701E+03    0.3702157843E+01    0.3990796911E+01
   6   0.2436005324E+03    0.4062966762E+01    0.3989415687E+01
   6   0.2592838135E+03    0.4616056997E+01    0.3771547825E+01
   1   0.3303737197E+02   -0.1622888322E+01    0.9375258648E+00
   1   0.3296922714E+02   -0.1618414743E+01    0.9464299945E+00
   1   0.3252263315E+02   -0.1493276001E+01    0.9426854937E+00
   1   0.3251095361E+02   -0.1468686121E+01    0.9500046633E+00
 -------------------------------------------------
  10 atoms,Iteration (fs) =    0.1000000000E+02, Etot,Ep,Ek (eV) =   -0.1830934712E+04  -0.1831533591E+04   0.5988788266E+00, SCF =     3
P_sph(bar),Rcut_MD_sp(A)  0.000000E+00  0.000000E+00
     MD_INFO: METHOD(1-VV,2-NH,3-LV,4-LVPR,5-NHRP) TIME(fs) TEMP(K) DESIRED_TEMP(K) AVE_TEMP(K) TIME_INTERVAL(fs) TOT_TEMP(K)
              2    0.1000000000E+02   0.46331E+03   0.30000E+03   0.46254E+03   0.10000E+03   0.46254E+04    
     TOTAL MOMENTUM
              -0.44518E+00  -0.20377E+00  -0.12597E+00 
     MD_NH_INFO: Nose-Hoover Dynamics (NVT), IONS' THERMOSTAT VELOCITY(1/fs)
              0.6684357634E-01   
 Lattice vector (Angstrom)
   0.1500000000E+02    0.0000000000E+00    0.0000000000E+00     stress (eV):  0.705451E+01  0.212712E+00 -0.855142E+00
   0.0000000000E+00    0.1500000000E+02    0.0000000000E+00     stress (eV):  0.212712E+00  0.894627E+01 -0.896023E+00
   0.0000000000E+00    0.0000000000E+00    0.1500000000E+02     stress (eV): -0.855142E+00 -0.896023E+00  0.699935E+01
 Pressure Internal(Hartree/bohr^3)
  -0.1138271079E-04   -0.3432179798E-06    0.1379803779E-05
  -0.3432179798E-06   -0.1443514595E-04    0.1445765653E-05
   0.1379803779E-05    0.1445765653E-05   -0.1129371141E-04
 Position (normalized), move_x, move_y, move_z
   8         0.481064438225366         0.418619107253348         0.531973616381684     1  1  1
   8         0.497466779554019         0.566652406007996         0.564215336800995     1  1  1
   8         0.425817596046152         0.463150734184054         0.661731781633972     1  1  1
   6         0.515485023850618         0.455316920760524         0.450685603960670     1  1  1
   6         0.513431892718661         0.557343680955656         0.468177825220394     1  1  1
   6         0.461763969448457         0.481185070624705         0.593209331390150     1  1  1
   1         0.578759477785876         0.422541667677071         0.434172843634625     1  1  1
   1         0.468148028119427         0.443486025231429         0.396474183278569     1  1  1
   1         0.465716181276475         0.597962659363752         0.426533022435684     1  1  1
   1         0.581238260190754         0.588772422805368         0.456366630486119     1  1  1
 nonperiodic_Position (normalized), move_x, move_y, move_z
   8         0.481064438225366         0.418619107253348         0.531973616381684     1  1  1
   8         0.497466779554019         0.566652406007995         0.564215336800995     1  1  1
   8         0.425817596046152         0.463150734184054         0.661731781633972     1  1  1
   6         0.515485023850618         0.455316920760524         0.450685603960670     1  1  1
   6         0.513431892718660         0.557343680955656         0.468177825220393     1  1  1
   6         0.461763969448457         0.481185070624705         0.593209331390151     1  1  1
   1         0.578759477785876         0.422541667677071         0.434172843634625     1  1  1
   1         0.468148028119427         0.443486025231429         0.396474183278569     1  1  1
   1         0.465716181276474         0.597962659363752         0.426533022435684     1  1  1
   1         0.581238260190754         0.588772422805368         0.456366630486119     1  1  1
 Force (-force, eV/Angstrom)
   8         0.029628506663047         0.419570343188954         0.717189792669069
   8         1.297405932912050         1.772042104438679         0.375417415764503
   8        -0.048223572213326        -0.771684648486760        -0.242578586693220
   6         0.883678905670633        -0.774949128340306         0.079899710427292
   6        -1.911372071734265        -1.046028944048085        -0.305358051595775
   6        -0.930299197174484        -0.915209945074007         0.370618804256852
   1        -0.131613032970311        -0.363793248100224        -0.213852783888250
   1         0.074400855269320         0.486640322145333         0.047826872460262
   1        -0.149198826573982         0.785222591531199        -0.727118144294511
   1         0.878157151846039         0.437829357652818        -0.117174336416932
 Velocity (bohr/fs)
   8        -0.003986645250270        -0.008682434592411        -0.007817575516615
   8        -0.015944102827738        -0.000029525723206        -0.004887545050220
   8        -0.009676450720075         0.005818373741445        -0.001717778621519
   6         0.007007224862700         0.001901161449468         0.009263484193601
   6        -0.002089221956977         0.002794027952766        -0.001919372238773
   6         0.001460200611729        -0.012239505250292         0.004594737146956
   1         0.056542144089777        -0.051219161913098         0.057935100260051
   1        -0.042189744381346        -0.031113958123168         0.017095937010350
   1         0.045197934861842        -0.008533642002624        -0.036917089601555
   1        -0.079702382420184         0.037150359773803        -0.068620203680052
Atomic-Energy, Etot(eV),E_nonloc(eV),Q_atom:dE(eV)=  -0.4014825098E+04
   8   0.4338001527E+03   -0.2069031872E+02    0.6097223167E+01
   8   0.4338219677E+03   -0.1910973331E+02    0.6128084343E+01
   8   0.4388496613E+03   -0.2005049751E+02    0.6245453924E+01
   6   0.2432283453E+03    0.3795407930E+01    0.3988212678E+01
   6   0.2435157984E+03    0.3980879497E+01    0.3992424383E+01
   6   0.2592570579E+03    0.4621037326E+01    0.3770546567E+01
   1   0.3281601490E+02   -0.1559989577E+01    0.9373776942E+00
   1   0.3287222530E+02   -0.1584846535E+01    0.9469045575E+00
   1   0.3253342642E+02   -0.1504784381E+01    0.9435580515E+00
   1   0.3259685692E+02   -0.1504326027E+01    0.9501768908E+00
 -------------------------------------------------
  10 atoms,Iteration (fs) =    0.1100000000E+02, Etot,Ep,Ek (eV) =   -0.1831009536E+04  -0.1831532781E+04   0.5232450144E+00, SCF =     3
P_sph(bar),Rcut_MD_sp(A)  0.000000E+00  0.000000E+00
     MD_INFO: METHOD(1-VV,2-NH,3-LV,4-LVPR,5-NHRP) TIME(fs) TEMP(K) DESIRED_TEMP(K) AVE_TEMP(K) TIME_INTERVAL(fs) TOT_TEMP(K)
              2    0.1100000000E+02   0.40480E+03   0.30000E+03   0.45729E+03   0.10000E+03   0.50302E+04    
     TOTAL MOMENTUM
              -0.41603E+00  -0.19116E+00  -0.11759E+00 
     MD_NH_INFO: Nose-Hoover Dynamics (NVT), IONS' THERMOSTAT VELOCITY(1/fs)
              0.7115332631E-01   
 Lattice vector (Angstrom)
   0.1500000000E+02    0.0000000000E+00    0.0000000000E+00     stress (eV):  0.692173E+01 -0.164698E+00 -0.769073E+00
   0.0000000000E+00    0.1500000000E+02    0.0000000000E+00     stress (eV): -0.164697E+00  0.927717E+01 -0.740357E+00
   0.0000000000E+00    0.0000000000E+00    0.1500000000E+02     stress (eV): -0.769073E+00 -0.740357E+00  0.703593E+01
 Pressure Internal(Hartree/bohr^3)
  -0.1116847394E-04    0.2657450060E-06    0.1240927847E-05
   0.2657450060E-06   -0.1496906445E-04    0.1194593274E-05
   0.1240927847E-05    0.1194593274E-05   -0.1135273024E-04
 Position (normalized), move_x, move_y, move_z
   8         0.480927900368112         0.418314606992009         0.531692624449580     1  1  1
   8         0.496897014110410         0.566615776955863         0.564041127615496     1  1  1
   8         0.425488604185933         0.463364649989193         0.661678082799091     1  1  1
   6         0.515700303875804         0.455402500009432         0.450999343844170     1  1  1
   6         0.513411832169586         0.557466965113277         0.468120552311115     1  1  1
   6         0.461838671991547         0.480792217225793         0.593356085183445     1  1  1
   1         0.580729524729986         0.420911198217413         0.436216629410035     1  1  1
   1         0.466685643966705         0.442269787576059         0.397041884764753     1  1  1
   1         0.467305008385515         0.597421129957634         0.425506169563639     1  1  1
   1         0.578240266480223         0.589899532051641         0.454064108230354     1  1  1
 nonperiodic_Position (normalized), move_x, move_y, move_z
   8         0.480927900368112         0.418314606992008         0.531692624449580     1  1  1
   8         0.496897014110410         0.566615776955863         0.564041127615495     1  1  1
   8         0.425488604185933         0.463364649989192         0.661678082799091     1  1  1
   6         0.515700303875804         0.455402500009432         0.450999343844170     1  1  1
   6         0.513411832169586         0.557466965113277         0.468120552311115     1  1  1
   6         0.461838671991547         0.480792217225793         0.593356085183446     1  1  1
   1         0.580729524729987         0.420911198217413         0.436216629410035     1  1  1
   1         0.466685643966705         0.442269787576058         0.397041884764753     1  1  1
   1         0.467305008385515         0.597421129957634         0.425506169563638     1  1  1
   1         0.578240266480223         0.589899532051641         0.454064108230354     1  1  1
 Force (-force, eV/Angstrom)
   8         0.075467564707800         0.252076532867748         0.376357272673714
   8         1.159647748721554         1.703937376912367         0.413972716183136
   8        -0.053551158535511        -0.677275570867237        -0.335572294784814
   6         0.534167426564200        -0.168917955982539         0.539064165443676
   6        -1.400964100666960        -0.596436252469422        -0.343221473253632
   6        -0.880762630566914        -0.975657413699024         0.616438735544642
   1         0.618129269509811        -0.794399843507237        -0.170959692598673
   1        -0.443739211181173         0.342039167005580        -0.192832714574283
   1         0.328498938912993         0.659430448094338        -0.642142516024209
   1         0.033051807370637         0.285828784389139        -0.270847141090078
 Velocity (bohr/fs)
   8        -0.003786730914610        -0.008491179228450        -0.007914892787920
   8        -0.016267607099944        -0.001944239999744        -0.005006672534101
   8        -0.008994442839564         0.006240974612378        -0.001287882382269
   6         0.005512620965363         0.002471431919145         0.008209695699507
   6         0.000478720524667         0.003819644790737        -0.001318862316518
   6         0.002695920776190        -0.010059048839191         0.003572578249716
   1         0.048627056522733        -0.037770065519991         0.057555514197020
   1        -0.036228500495829        -0.036353799003593         0.017259187564728
   1         0.040705271966424        -0.020624828974017        -0.022545878594884
   1        -0.082521709288678         0.028414174740910        -0.060785881318977
Atomic-Energy, Etot(eV),E_nonloc(eV),Q_atom:dE(eV)=  -0.4014824672E+04
   8   0.4337961992E+03   -0.2067819908E+02    0.6098206645E+01
   8   0.4338053432E+03   -0.1912791499E+02    0.6128445720E+01
   8   0.4388748125E+03   -0.2007280298E+02    0.6243804990E+01
   6   0.2434468675E+03    0.3882535041E+01    0.3985558181E+01
   6   0.2433574515E+03    0.3875624851E+01    0.3995102757E+01
   6   0.2592400663E+03    0.4625770005E+01    0.3769553576E+01
   1   0.3263405712E+02   -0.1504117499E+01    0.9378974164E+00
   1   0.3277780335E+02   -0.1551233982E+01    0.9473989512E+00
   1   0.3260012802E+02   -0.1529358406E+01    0.9442875191E+00
   1   0.3275916251E+02   -0.1555254542E+01    0.9497057581E+00
 -------------------------------------------------
  10 atoms,Iteration (fs) =    0.1200000000E+02, Etot,Ep,Ek (eV) =   -0.1831073488E+04  -0.1831474776E+04   0.4012886070E+00, SCF =    10
P_sph(bar),Rcut_MD_sp(A)  0.000000E+00  0.000000E+00
     MD_INFO: METHOD(1-VV,2-NH,3-LV,4-LVPR,5-NHRP) TIME(fs) TEMP(K) DESIRED_TEMP(K) AVE_TEMP(K) TIME_INTERVAL(fs) TOT_TEMP(K)
              2    0.1200000000E+02   0.31045E+03   0.30000E+03   0.44506E+03   0.10000E+03   0.53407E+04    
     TOTAL MOMENTUM
              -0.38665E+00  -0.17861E+00  -0.10927E+00 
     MD_NH_INFO: Nose-Hoover Dynamics (NVT), IONS' THERMOSTAT VELOCITY(1/fs)
              0.7158309962E-01   
 Lattice vector (Angstrom)
   0.1500000000E+02    0.0000000000E+00    0.0000000000E+00     stress (eV):  0.647467E+01 -0.424358E+00 -0.689026E+00
   0.0000000000E+00    0.1500000000E+02    0.0000000000E+00     stress (eV): -0.424358E+00  0.942776E+01 -0.552534E+00
   0.0000000000E+00    0.0000000000E+00    0.1500000000E+02     stress (eV): -0.689026E+00 -0.552534E+00  0.693720E+01
 Pressure Internal(Hartree/bohr^3)
  -0.1044712288E-04    0.6847168879E-06    0.1111768868E-05
   0.6847168879E-06   -0.1521203643E-04    0.8915339892E-06
   0.1111768868E-05    0.8915339892E-06   -0.1119343200E-04
 Position (normalized), move_x, move_y, move_z
   8         0.480797545868300         0.418020640953615         0.531415767292396     1  1  1
   8         0.496320223302563         0.566515374143853         0.563862461810980     1  1  1
   8         0.425183659253684         0.463590603945664         0.661641010472150     1  1  1
   6         0.515873558562018         0.455491109607079         0.451264231036490     1  1  1
   6         0.513465633391575         0.557612893113674         0.468084870563662     1  1  1
   6         0.461953980480834         0.480476099399901         0.593461130065940     1  1  1
   1         0.582186758473413         0.419879597928655         0.438229410418109     1  1  1
   1         0.465594609324075         0.440923775279381         0.397690627053970     1  1  1
   1         0.468585127136405         0.596509002015741         0.424943967703250     1  1  1
   1         0.575422052491334         0.590775080570522         0.452082384389050     1  1  1
 nonperiodic_Position (normalized), move_x, move_y, move_z
   8         0.480797545868300         0.418020640953615         0.531415767292396     1  1  1
   8         0.496320223302563         0.566515374143853         0.563862461810979     1  1  1
   8         0.425183659253684         0.463590603945664         0.661641010472150     1  1  1
   6         0.515873558562018         0.455491109607079         0.451264231036490     1  1  1
   6         0.513465633391575         0.557612893113674         0.468084870563662     1  1  1
   6         0.461953980480834         0.480476099399901         0.593461130065940     1  1  1
   1         0.582186758473414         0.419879597928655         0.438229410418109     1  1  1
   1         0.465594609324074         0.440923775279380         0.397690627053970     1  1  1
   1         0.468585127136405         0.596509002015741         0.424943967703249     1  1  1
   1         0.575422052491334         0.590775080570522         0.452082384389050     1  1  1
 Force (-force, eV/Angstrom)
   8         0.119824921919520         0.094569448564658         0.048776135861720
   8         1.007698576600415         1.605452265461568         0.428807381717456
   8        -0.093454655965393        -0.605079483140327        -0.362712903078298
   6         0.321664007525832         0.262519040188401         0.795062700552905
   6        -0.817388329898725         0.030562783488901        -0.517968357445569
   6        -0.788122580974352        -0.988565144297748         0.782171858855765
   1         1.056076486266802        -1.057284786560749        -0.064594806352130
   1        -0.819372109872889         0.194213224876904        -0.313324540258637
   1         0.835599718244898         0.459668466595674        -0.466648442566938
   1        -0.876618510631060         0.035312107068706        -0.345224007326833
 Velocity (bohr/fs)
   8        -0.003634007287669        -0.008098499473846        -0.007604996250072
   8        -0.016342446510388        -0.003631624264720        -0.005126404055882
   8        -0.008295555602327         0.006517771960370        -0.000815166369511
   6         0.004506581302398         0.002233018535573         0.006667780890916
   6         0.002071748659365         0.003971952847084        -0.000597043782233
   6         0.003733880719690        -0.007928244328470         0.002302011907977
   1         0.030664301222272        -0.019003273687267         0.055658149249897
   1        -0.022707921669758        -0.038539319759161         0.020493842631540
   1         0.027741824341319        -0.028981348852733        -0.011313171520420
   1        -0.069484460251546         0.023657190387634        -0.051228905057256
Atomic-Energy, Etot(eV),E_nonloc(eV),Q_atom:dE(eV)=  -0.4014825738E+04
   8   0.4337854949E+03   -0.2065235376E+02    0.6098623738E+01
   8   0.4337822759E+03   -0.1915197745E+02    0.6127478310E+01
   8   0.4388847040E+03   -0.2007728403E+02    0.6242947514E+01
   6   0.2435889966E+03    0.3946893152E+01    0.3983750095E+01
   6   0.2431703585E+03    0.3765690849E+01    0.3998624489E+01
   6   0.2592313012E+03    0.4629235438E+01    0.3769026353E+01
   1   0.3253341461E+02   -0.1469206188E+01    0.9387696318E+00
   1   0.3272061465E+02   -0.1526954039E+01    0.9474735005E+00
   1   0.3270329892E+02   -0.1560071682E+01    0.9446982663E+00
   1   0.3295050284E+02   -0.1606915991E+01    0.9485696745E+00
 -------------------------------------------------