epoch              loss   RMSE_Etot_per_atom            RMSE_F      time
    1  2.7685015332e+02     1.7685753474e-02  3.4238658870e-01  315.5813
    2  1.2186209760e+01     3.7106301051e-03  6.6919015260e-02  314.5173
    3  4.1970176079e+00     2.1774574330e-03  4.6907827836e-02  314.6093
    4  1.2049842234e+00     1.1662280554e-03  4.0810726054e-02  314.3098
    5  6.6907023052e-01     8.6869910117e-04  3.7612649225e-02  314.3270
    6  2.1332713766e-01     4.8957273699e-04  3.5669555815e-02  314.1094
    7  1.2539725600e-01     3.7469169839e-04  3.4434663542e-02  314.1664
    8  1.2454517418e-01     3.7349184712e-04  3.3584217772e-02  314.0656
    9  7.0471729756e-02     2.8003268751e-04  3.3048923052e-02  314.7776
   10  5.9892457580e-02     2.5788982120e-04  3.2421890391e-02  314.4174
   11  4.4211061829e-02     2.2093985261e-04  3.1987317615e-02  312.2093
   12  4.0024621213e-02     2.1002350584e-04  3.1607413872e-02  312.5680
   13  3.3433961666e-02     1.9153795311e-04  3.1238438777e-02  312.5503
   14  2.9515509420e-02     1.7966547552e-04  3.0927523645e-02  311.6791
   15  2.6879083054e-02     1.7121618067e-04  3.0709354353e-02  312.0380
   16  2.5398249764e-02     1.6630402106e-04  3.0480845639e-02  312.1218
   17  2.4173299078e-02     1.6214579892e-04  3.0207197386e-02  312.2782
   18  2.2579462821e-02     1.5655088699e-04  2.9936490893e-02  311.9138
   19  2.2231600842e-02     1.5532749215e-04  2.9764120754e-02  311.8597
   20  2.0908794807e-02     1.5047457794e-04  2.9598525076e-02  312.0120
   21  3.8054658792e-02     2.0502005071e-04  2.9433905718e-02  312.1966
   22  2.0462132288e-02     1.4884917500e-04  2.9323257637e-02  312.4944
   23  2.0689070817e-02     1.4974424208e-04  2.9160528378e-02  312.2033
   24  4.9099417681e-02     2.3354211733e-04  2.9055413347e-02  312.1591
   25  1.9901938829e-02     1.4681948178e-04  2.8820215089e-02  312.4828
   26  1.8247346678e-02     1.4032963219e-04  2.8718747445e-02  312.5630
   27  1.8061410840e-02     1.3960175364e-04  2.8619939400e-02  312.3338
   28  1.7761898631e-02     1.3840903162e-04  2.8512417721e-02  312.0200
   29  1.7005521477e-02     1.3532526956e-04  2.8344563771e-02  311.2092
   30  1.6586516347e-02     1.3358742812e-04  2.8246605876e-02  312.2496
   31  1.6761419086e-02     1.3435723275e-04  2.8111979229e-02  311.2993
   32  1.7868884823e-02     1.3895059999e-04  2.8054387646e-02  312.0757
   33  1.5607767268e-02     1.2946043055e-04  2.7921124336e-02  311.7590
   34  1.5726655443e-02     1.2999883240e-04  2.7836767515e-02  311.5431
   35  1.5792702363e-02     1.3031268183e-04  2.7724552942e-02  311.0709
   36  1.5533397930e-02     1.2919689188e-04  2.7668193732e-02  311.0597
   37  1.5504224129e-02     1.2909545774e-04  2.7559661244e-02  311.3147
   38  1.5291250236e-02     1.2817368091e-04  2.7502209273e-02  311.5969
   39  1.5155946780e-02     1.2758580416e-04  2.7460746322e-02  311.1976
   40  1.9289383599e-02     1.4475307365e-04  2.7406386080e-02  311.7928
   41  1.8422792953e-02     1.4134153130e-04  2.7350371077e-02  311.3615
   42  1.5810226020e-02     1.3049650443e-04  2.7271925660e-02  311.4747
   43  1.6459068018e-02     1.3329734464e-04  2.7183040134e-02  311.9223
   44  1.5395938873e-02     1.2872626487e-04  2.7119441354e-02  311.3973
   45  1.4815081456e-02     1.2616519746e-04  2.7058404034e-02  310.8844
   46  1.8015930500e-02     1.3978585958e-04  2.6983559726e-02  311.6635
   47  2.3528049286e-02     1.6053767177e-04  2.6950485958e-02  311.3752
   48  3.2512756781e-02     1.8955258259e-04  2.6907836435e-02  311.3775
   49  1.5178482060e-02     1.2783979230e-04  2.6818474183e-02  311.7900
   50  1.4639103345e-02     1.2544405051e-04  2.6771477823e-02  311.5454
   51  1.4667450766e-02     1.2558678742e-04  2.6708765317e-02  311.0688
   52  1.4365598122e-02     1.2423491170e-04  2.6651557624e-02  311.3255
   53  1.4174092260e-02     1.2337923251e-04  2.6575477336e-02  311.4736
   54  1.4453395689e-02     1.2466825229e-04  2.6508029041e-02  311.3647
   55  3.7293331592e-02     2.0336588454e-04  2.6508499948e-02  311.1058
   56  1.4541212370e-02     1.2508489399e-04  2.6427803564e-02  311.1963
   57  1.5047929821e-02     1.2736103748e-04  2.6396479818e-02  311.0767
   58  1.4331946729e-02     1.2416183636e-04  2.6319452344e-02  311.9027
   59  1.4215815758e-02     1.2363486995e-04  2.6308019815e-02  312.7452
   60  2.8960404738e-02     1.7875100611e-04  2.6294275289e-02  311.3398
   61  1.4266911535e-02     1.2388161938e-04  2.6252101386e-02  311.2600
   62  1.3986541188e-02     1.2261167227e-04  2.6186913492e-02  311.7927
   63  1.3546936803e-02     1.2058393577e-04  2.6123662930e-02  311.4572
   64  1.3660906814e-02     1.2112450031e-04  2.6092471088e-02  311.0057
   65  7.7899095601e-02     2.9542548930e-04  2.6128185260e-02  311.7665
   66  2.2412970969e-02     1.5673433105e-04  2.6054857158e-02  312.1383
   67  1.3600528035e-02     1.2086689799e-04  2.5992124560e-02  311.2419
   68  1.3398683055e-02     1.1993068592e-04  2.5946065633e-02  310.6661
   69  1.3514931081e-02     1.2048532196e-04  2.5912789481e-02  311.3132
   70  1.3459744564e-02     1.2023434152e-04  2.5879302272e-02  311.6570
   71  1.3542075090e-02     1.2063646739e-04  2.5814200442e-02  311.6437
   72  1.3270693284e-02     1.1936334839e-04  2.5793812095e-02  311.5263
   73  1.3732945600e-02     1.2154140687e-04  2.5755542493e-02  311.2993
   74  1.3375137037e-02     1.1987867307e-04  2.5703847279e-02  311.2440
   75  1.3278412349e-02     1.1943237526e-04  2.5660405684e-02  311.1757
   76  1.4038142286e-02     1.2297916168e-04  2.5641885946e-02  311.5078
   77  8.2899941234e-02     3.0487663421e-04  2.5767043341e-02  311.7335
   78  1.5790839608e-02     1.3077627564e-04  2.5684632008e-02  311.3512
   79  1.3840013944e-02     1.2207675619e-04  2.5593521043e-02  310.9363
   80  1.3403823618e-02     1.2004965656e-04  2.5555412897e-02  311.1666
   81  1.3275150259e-02     1.1945578806e-04  2.5499920871e-02  312.7082
   82  1.3320566193e-02     1.1967647757e-04  2.5474906406e-02  311.2354
   83  5.7919904230e-02     2.5442484830e-04  2.5478823373e-02  311.5182
   84  1.9275905534e-02     1.4510329267e-04  2.5452299266e-02  311.2525
   85  1.3745317138e-02     1.2167963123e-04  2.5416048158e-02  311.3882
   86  1.2842048664e-02     1.1741547566e-04  2.5391527122e-02  310.9763
   87  1.2857394435e-02     1.1750073147e-04  2.5344742110e-02  311.5755
   88  1.2786463707e-02     1.1717238548e-04  2.5290267924e-02  311.4398
   89  1.2782793505e-02     1.1716554016e-04  2.5245725768e-02  311.1657
   90  1.2835598938e-02     1.1742746504e-04  2.5214853598e-02  311.1504
   91  1.2807729053e-02     1.1730207335e-04  2.5178552588e-02  311.0286
   92  1.5583632994e-02     1.2999236183e-04  2.5166476912e-02  311.1221
   93  1.2672067148e-02     1.1665877099e-04  2.5128809432e-02  312.5177
   94  1.2383267324e-02     1.1525605077e-04  2.5109204122e-02  310.7395
   95  1.2627642035e-02     1.1645594839e-04  2.5077142870e-02  311.4721
   96  1.3528910827e-02     1.2075534180e-04  2.5056354637e-02  311.4208
   97  1.2501128416e-02     1.1585553643e-04  2.5015090408e-02  311.1165
   98  1.2526895459e-02     1.1598773067e-04  2.4988119111e-02  311.7448
   99  1.2414664710e-02     1.1544617803e-04  2.4961220641e-02  310.9799
  100  1.6498743751e-01     4.3100112110e-04  2.5241600951e-02  311.4924
